
11794561
11749499
11419381
11794466
11793210
11797067
11795926
11845151
11844010
11866191
11888520
11887346
11889269
11936032
11936206
11930341
11811217
12022460
12027490
12021188
12020466
12025137
12027136
12082551
12086502
12085122
12134439
12137451
12135616
12284700
12349002
12348803
12349104
12399571
12667520
12543519
12633696
12661958
12713937
12541630
12715844
12587117
12713827
13362587
13361541
13361904
13231544
13713452
13674202
13673472
13675502
13721449
13719292
13723613
13718271
13648722
13785389
13787018
13789958
13788262
13651221
13691340
13879661
13881220
13882786
13884068
13885414
13753898
13964871
13886611
13857482
13974633
14017270
14163357
14162007
14165323
14164611
13995041
14201750
14203886
14205218
14206363
14207195
14428918
14430032
14490374
14489446
14485778
14487109
14490771
14355908
14530513
14532399
14534492
14579019
14577442
14580209
14579850
14509704
14714529
14714507
14714578
14557624
14682688
14686611
14683880
15132502
15131129
15128835
15133417
15205699
15208576
15137562
15270843
15295803
15295999
15371938
15370177
15246902
15624727
15319932
15626316
15626470
15628197
15628958
15760707
15689840
15708754
15690406
15763944
15759121
15762208
15828775
15916437
15918645
15914763
15923533
16044652
15787537
15789409
15880391
16068216
15864519
16021215
15882110
15881341
16234115
16235395
16232733
16238228
16409687
16408248
16506605
16703106
16700679
16705143
16702149
16705546
16782007
16648166
16780697
16853687
16852651
16846259
16646922
16872249
17172599
16873820
17176174
17309385
17307949
17306180
17457296
17669360
17670850
17670985
18930034
18929076
18931033
19032615
19689252
19879709
19883784
19789173
20249692
20077325
20147110
20641243

20773379
20779655